%%MatrixMarket vector array real
104
-0.91918325171746
-0.44480426922875
1.3463742367537
-3.1283456678192
-3.1372431159385
0.27365387596232
-1.8677444975567
-3.2480734543797
1.5572540671308
-2.5443318045336
-2.9363946631704
-1.1204349744764
2.9927816436803
-0.90193022453188
-1.4959253907847
-1.4039957053289
-0.90821368639
-0.16037933916892
1.0606072480372
-0.047533092870552
0.78718390627901
0.49474723163147
2.5205511524696
-0.40046611860556
0.43124201542799
-0.97304534812098
0.92863345178047
0.65343548969743
-0.77296277183604
0.38681881523153
-0.48396173340117
-0.40757102881996
-1.1367723251095
-0.97419048429828
-0.78514306362589
0.16464694865566
-2.5960040247055
-3.2851009699839
-0.080050119850319
-2.0413059686932
-3.7613672793569
-2.1143385070239
1.4566646200269
0.26363047453593
2.2957340953493
-0.40600386098316
-0.81926051756555
1.6287078218843
3.5162409310382
-2.4265300481032
-1.4631455365016
-0.75736364864609
-0.13376360840795
-0.53407223881382
0.25788159138591
1.6302266485077
-4.701757055074
1.2056240895025
-1.4912484985104
-0.54869190418058
-0.78984278210171
0.44489181487342
-0.20718078167394
1.1530214947535
-0.3474590906466
0.71632025736829
-3.4593765694892
0.76386269533464
-2.7777878450826
0.46004077925995
-2.6763949151228
-0.74729960190361
0.77435735940013
3.663116941459
0.0075494330574017
-1.039674818863
1.4483765300018
1.3451887906147
-2.5092183270823
-0.97760819770655
-1.2495833930914
-0.25912562701072
1.0003816304034
-0.99768507883494
-2.4354399466835
-0.31079421496027
-1.0682591258197
-0.56415963097325
-0.3549852268124
-0.11538130667085
-1.192435030643
-2.324901859694
1.7713060246729
-3.7004475263417
1.3302520418392
3.3479018909726
2.0053868185499
2.9910825823128
1.2056558296591
-1.6013216929977
-1.6687088379875
1.0443200925128
1.2133283331397
-1.1755615028307



46827250097
