%%MatrixMarket vector array real
104
-1.8841694684437
0.70495180339572
2.2322430181796
-2.5552391143797
0.44962624320027
0.37017842090043
-1.210221583884
-0.79158864576995
1.8693457931138
-0.055540356210414
-3.324556114907
-1.3920785777008
0.60634668143107
-0.74916745555695
0.31377911611049
1.4406633071046
-0.96719952811083
0.46038676764745
0.57778959915688
-0.77305819765718
0.36215846369878
0.59097208518441
-1.0010349797762
-0.48463991570636
1.4638496292731
0.77333665301156
-0.55368867064732
-0.54184130860827
-0.3593928658483
-1.8456978629215
-0.90514737613138
1.6347033746283
-0.53839425415073
-0.60078390274613
0.9370028007966
-2.2502249792507
-0.30694452296395
-2.2331811494741
0.92131596505752
-1.3790628123894
-1.663617964342
-1.6631080797954
0.54206223958793
0.54742436318854
1.3257368392727
-0.74400615814659
-0.88039546239325
0.92737163065996
-0.55406252428524
-1.3965085112268
1.5290279204277
2.8128431064952
-0.46226895148672
0.76126734137485
-0.83748260022789
2.7371658583496
-0.88823405074649
1.9198767356652
2.066186272402
-1.70257564616
0.0060879942601572
1.1279138179359
-1.7729459758338
1.0527363052477
-1.6667812480376
0.82094637443681
-0.59567013596793
0.47155146773659
-1.3287219707213
-2.1036079614669
1.2566141775383
-1.8605566571272
0.0015159664896333
-0.20197154893876
-1.4520306483816
-0.0046001323242551
0.023593762084314
1.3957163906252
-2.0611414859419
0.0644240845868
-0.55350299495277
0.2206430897034
-1.8490839408704
-0.42167114120704
-1.365403256079
-0.016361429693993
1.1900343570984
1.8175648252315
1.3649699434994
2.5235283676434
0.39948319060903
-1.0054467847004
0.52273367174913
-0.78660210407357
-1.5040516549607
0.28213393792241
-0.035609983741513
0.94195314929129
-0.02681798760749
-2.0988877387241
-0.83957591269987
0.57222320836826
0.058046403768157
-0.53421259756906
96748
