%%MatrixMarket vector array real
104
-0.40541052125367
0.65590634400279
-0.63245654452608
0.84340713478132
-0.29709952323881
0.036629534897799
1.6980272944662
0.45281538774655
-1.4305229290778
0.4297672698302
-1.0492716015069
1.40338665404
1.615966435264
2.034078895895
-1.0338206385662
1.6892405411985
-1.6445705776994
0.49367755656203
-0.021961688693201
-1.6137964243309
-0.18865061293881
-0.91284036526264
0.44238542618505
0.74492510621587
-0.16298065112354
0.61446022829579
-1.4713569408454
1.6729329604077
-0.58031143968226
0.56877164187485
-1.71579428169
0.41769232274702
-0.16522258186278
-1.5219553720117
1.4772274549096
-0.1760667340747
0.54406297616271
1.6649300204435
0.46030062496165
-1.3010125477164
-1.0483752221242
0.99701553127013
-0.54096157147581
-1.6860828182755
0.83752748761443
0.64737429913567
0.64505753481887
-0.064433132999747
1.1606002472379
-0.69753716960267
-0.11314090987192
-1.5407983708515
-0.5836858773296
0.30878862747965
0.19082761209577
1.1697942763207
-1.3353987131096
0.44093040163177
-0.58312263643436
-1.3234228627106
-0.34436937446342
-0.67375541698459
1.2223167923802
0.5294325661035
-0.74439110447556
-0.61251059955191
-0.00604618377092
0.42177114796917
-0.63834284871824
-1.2338472217582
-0.13398029581043
-1.4325411343112
-0.37851448063903
-0.52922131898124
2.8818083233569
0.87478386092117
0.45979030210634
0.06676517638274
1.6788831730337
1.2688507017882
0.44487900766382
-0.71632755578408
-1.3961783324631
-1.2885118607316
1.5079896846262
0.52448768311212
0.85118455664167
-0.046833429012684
0.21684860417954
1.0030182483305
0.9252908169988
-0.59335147430187
0.36114455241105
-0.30982960891383
-0.52817079961164
1.4136966867008
1.3328812112042
-0.32915992667757
-1.3934808343725
-0.015842634606599
-0.082685718017776
-0.43279627810445
1.402278004463
0.082062190691199
