%%MatrixMarket vector array real
104
-0.2142061317036
-1.4397275238865
-1.5245403523074
0.66214148612625
-0.32542867090105
-0.068151914516998
-0.99791280701986
0.92986382060123
-1.1244035958719
-1.829552698479
-0.27613921601351
-4.2612642284093
1.9761829007579
0.37175006491969
1.2777340281877
-0.03097088775589
-0.15615353439513
1.2702125517702
0.0080310442595636
0.17187880141172
-2.1378521123595
-0.90206317107148
-3.2049901943975
-0.66200160410088
-2.2016679022385
-1.0508731572822
0.0085023057833983
0.48794631750185
-2.2010807184151
-0.68304994221229
0.8956590618709
1.1119982083955
2.4872039451357
-0.11213306291075
-1.6947045636829
-0.0078685425572356
-1.6426539062615
0.88207401664323
-0.96081402807549
-1.2432057127521
0.97322597161915
1.6322621697151
-1.6856566741649
-1.7017123460353
1.1352713859864
0.30428790903576
0.52128113867835
0.69273972489999
0.35086543401343
0.90109450849313
-1.3249132778545
-1.3839105801202
1.1816627160153
0.17604486740409
-0.23885186304579
0.9765142373922
-2.357928489064
0.62980525760034
-1.4848052947218
0.628442192522
-1.33361015815
-0.47654579238731
-1.5358700957269
-0.28852660829532
-1.6850859975264
-0.39813959343964
-1.0456179755365
0.16695315498745
-1.5555767884515
-0.015880138517256
1.4271307318176
-0.24199382023882
-0.62731154954159
0.5905214647469
0.05415464330867
1.21329326815
0.41948674153325
1.4551774074974
2.9359813358491
-0.33983571690403
-0.5151917225942
-0.048270864634035
-0.40057653031292
-0.20164333618399
-0.86278498982467
0.8033881305883
0.333906167435
2.3290728925329
0.068252576836583
-1.95059260373
0.82603922462526
-2.9665537760992
2.1782448732139
0.48678256952858
-0.35035587533488
-0.6345507633369
-0.057598834483417
1.977753854758
1.4406302963444
0.8321443644699
0.12203643066732
2.3045996423707
-1.0176632090637
-0.21196918355394
46
47163
365

