%%MatrixMarket vector array real
104
-1.3972134234946
0.33060221261677
1.0432964904836
2.3069873661296
-1.1376230018769
0.0058797895076581
-0.50603911230483
-1.2087353904319
2.1993892488745
0.91805316385862
-0.11217973365685
0.16896655052463
-0.0011949648625563
0.023322536531938
1.9901506914732
0.93826169779514
-1.3748075672719
0.72576939003645
-0.23284054321714
0.40990347966616
-1.7576891155728
-1.4387003771929
0.70759218637431
-0.59940115264096
-1.0055148597952
2.1671737544437
-0.23411372391768
-0.67069421485642
0.49533673267364
-1.9333293540368
-0.90468091726969
-0.50238902014635
-0.12855302960712
-3.2217887616095
-0.5790311298663
-1.2438491995337
-0.40237570737594
-1.4222174862721
-1.5066903543197
0.085505673898359
-0.23533729831082
-0.66876428457316
-0.24403985099998
-1.7754488783589
1.1265218076649
-3.4141166738564
0.39396159297716
0.45387994393072
-0.87972810842015
0.99449542718834
0.45892610159727
1.395952000612
0.052559946414361
0.12789127436202
0.35114417062872
0.29989569735278
1.8621860560183
1.9526778843491
1.2058847660768
1.4455455602869
1.0962741428187
-0.68795309900306
-0.54803933708241
0.088245284346474
1.2883481730269
2.7786410937332
2.0651978784287
0.55421886296287
-0.57018646909968
-2.8699655601808
-0.12166243149029
-0.077488132579589
-1.9691454241985
-2.4457159594509
1.9978044925882
-3.1112864503132
-1.7759237229287
0.58725754637891
0.47946851511368
1.2978858987718
1.4538553551649
1.0803373161803
2.9550145291353
1.3720427269847
-2.4451833203804
1.5515123128134
0.67169812244573
-0.50778968307386
-1.5949792188572
-0.13643154708956
-0.083491489967452
-0.10922531117759
0.21095559342425
-1.6443202867572
2.3050620489847
-1.0140737427171
2.0293010892818
1.5506573571688
0.16160332131856
-0.78959931447752
0.49181154608551
0.66745089486211
-0.36700714454081
3.3120057909971
05847526
2944


