%%MatrixMarket vector array real
104
-0.17397453002072
-0.32631550760491
-0.35078953097512
1.3875141915182
0.18543920293385
0.15659959001785
1.8309133478239
-1.082381616551
-0.97513735030228
-0.68115923067081
-0.5775579975802
1.4461977444194
1.2417552334127
-2.5895603065469
-1.0936982742723
-0.55489563452777
0.91471617962903
0.58453418765795
0.86498169107246
-1.6695204526219
0.037302394516152
-0.32979939917052
0.58410026155767
-1.676766677496
-0.28577966794884
0.83064610530294
-1.5357094590558
0.080642402809026
2.4635839148675
0.99021727558868
-1.2979971926395
0.041497419011291
1.552861040232
-1.4207828006613
0.047522317754531
-1.1681533084732
1.0591050677438
1.2410973841525
0.61229610299753
1.6522785556107
-0.88579859808898
1.1725990422444
-0.18000713351062
0.49811870807722
-0.92365900061127
0.28599527694053
0.94521637300163
0.37871587669327
1.2254959146367
0.56650721409505
-0.22492008734828
-1.6356980198423
-0.53792928838548
-0.77353182225216
-0.3669588253975
1.0306805200898
-0.93063687148539
0.067368144885051
1.6600563454235
-0.26343440688839
-1.8836529266581
0.2996773367169
0.38750337901602
0.46305483479963
1.0116225427526
1.1046478475327
0.17947538378866
0.75501102362537
-0.48946893252026
-0.18379713451071
-0.22357904165829
-0.30602978528899
0.76746765117943
0.67148066889685
2.9106321845241
-1.2709210170883
-0.14819216170895
-2.0128671995596
2.0402312850829
1.3398078332722
-0.027881404234214
-0.28241358125778
-1.0192840172814
-1.0516239476569
0.33516821856894
1.0586156775625
0.46026784457602
-0.14084789742647
1.2072080182631
1.0881394965204
0.64544485340344
-0.3661108495913
0.54281749695012
-0.44372032044575
-0.42792147673519
1.1272572270293
1.1613184794194
0.52519671196739
0.18868516460652
0.03015701136882
1.0208395031187
-0.78443272923874
-0.69718238688137
-0.78749159878661
