%%MatrixMarket vector array real
104
-0.45727030271135
-0.29167928366192
1.1605412185526
1.3068884841692
1.068166249421
0.39754172714546
1.557219973804
0.045363043360893
-1.0825706568713
-0.38167468914818
-0.58231586681079
-0.18566026686297
-0.72021777319368
0.00066792251044445
-0.80462347276347
0.68835668388574
-1.1995913496457
-0.17947956218882
0.6100209524573
2.231361575405
-0.19613386689627
-1.3026809992854
1.2040976840038
-0.011540865596394
-0.55392087257969
1.0638174012121
-1.4673088939456
1.8418686377558
-0.96631664948159
1.1882479641278
-1.7567483036788
-0.54212183598541
1.9695577761883
-1.8199554528943
-0.25120068100889
-0.18580793910284
0.44645690088814
2.0748948067784
-1.2244878911506
-1.0017244089035
-0.24441557336169
1.2550130947319
-0.29171964535091
-1.3473196651701
1.1748382953181
0.49940132025444
0.93147416637705
-1.3042465475148
1.2118781206009
-0.43307150418532
0.22036283307179
-1.843400893631
1.6299807245596
-0.018614699890131
-0.021714599407277
1.6612479392971
-0.72979850566615
-0.46770171725884
-0.073474010233054
-2.7599768232391
0.1362039975116
-1.0994794535122
1.5854655514357
0.11404324486411
-0.41544888808811
-0.82020513501624
-0.47594172868447
1.0477159919999
-2.5073212063277
-1.1684620535423
0.31517741388738
-1.4724422695863
0.48021767612197
-0.57467723276031
2.9381661802019
0.31130621145708
-0.060534514684016
-0.4237885658875
1.0665874956136
-0.30332946064637
0.93859819150075
0.69904436299191
1.6347944676129
-1.0181575289019
1.9770489097836
0.40421116977949
1.1551942516221
-0.21051210567736
0.99272287651476
0.70866831979814
0.6683644854429
2.3462069660557
0.5667607776862
-0.33923811620944
-0.62588206870239
0.22080635282446
1.5218020130304
-0.52531663420868
-1.1121409516013
0.066393344580814
0.41102153185168
-0.59133301340188
2.7669876990507
-0.04006449412262
