%%MatrixMarket vector array real
104
2.7089292033644
0.46292973508009
2.0592587971643
0.6281560302005
1.5032464709071
-0.56593423201955
-0.68333566077728
-1.5560297506083
-0.072996840902362
-0.22908156069396
-0.82198548458796
-1.155713652376
-0.75943142546881
-0.55637424869793
-1.4728674452242
-0.30407928108721
1.9887693198257
0.41169574292112
0.89219393444445
1.4132065681549
1.2149606495023
-1.983701662441
0.73984985368654
-1.4959729450779
-0.17905177609294
-1.829099686238
0.20425021464823
2.4507289630539
-1.3217036990663
2.003319284984
1.0262040975101
-1.8263339678919
2.073008938485
-0.37771889587064
-1.1889612616116
-0.10767337519154
-1.6637256341656
0.21417975423627
0.99040811100567
0.49703249899161
-1.2308660120925
1.2724215624698
-0.089154178097388
0.55945707405673
-1.5213512216569
-0.54369530543527
-1.8813002068991
-1.1522275368407
-0.5956800302873
0.96257788932815
-0.62307622994217
-1.24299048553
-1.0017414984994
0.23459042580865
-0.61348555719283
0.39304860919868
0.80406516185657
0.17774639709858
-0.10678996870377
-2.1140559185537
-0.92368311478082
0.29596077819311
1.7823332481926
0.49665855459113
-0.66170542835278
-0.068920919626279
0.7704480015653
1.7445555528312
0.46781939058702
-0.64153466330241
-1.8867534786028
-0.68950515563703
-1.0175683788113
-0.39178575020496
1.9885337099622
-0.57663157506031
2.1358478811818
-0.6871759322617
0.99045898156023
0.38077127432845
-1.1004590808292
0.84284440262484
-0.076084680518035
-0.52459839560884
-0.18686244632851
-0.67005295553668
-0.12248307131414
0.71050573424395
1.6593459750347
0.64267571549909
-0.80996391511681
0.021743476516344
0.47215410160885
-0.37499225003081
-1.1732056975478
1.0428133838213
-2.0692277950511
-1.8764032746189
1.614286479448
0.52965305572933
1.1440375287336
-1.148794902543
1.3942631391909
-1.3679375492837
